08:00:00,414,407,413,417,417,395,415,467,464,403,417,460,415,414,398,475,305,240,458,260
08:05:00,408,403,398,403,405,409,408,387,414,467,464,397,405,458,403,403,389,473,296,231,455,254
08:15:00,394,385,395,395,394,396,373,400,466,464,388,395,456,386,388,381,474,284,220,444,238
08:20:00,387,380,387,387,387,386,367,393,466,464,383,381,455,380,382,368,475,274,214,437,231
08:25:00,379,373,386,378,376,379,358,383,466,464,374,369,453,371,371,356,473,264,202,424,223
08:30:00,368,359,367,371,362,368,350,374,466,464,363,364,452,361,367,344,473,256,193,416,209
08:35:00,354,349,355,347,358,360,356,343,368,466,464,354,354,452,349,356,334,470,245,181,414,203
08:40:00,348,343,344,345,348,331,360,466,464,336,346,452,338,346,325,468,236,168,407,190
08:45:00,340,325,332,337,337,340,323,354,466,464,327,337,451,328,329,315,466,225,160,400,177
08:50:00,330,313,323,324,322,330,312,345,466,464,321,317,446,316,319,307,464,214,148,393,163
08:55:00,323,305,310,310,305,313,316,298,333,465,464,301,304,446,302,302,289,462,203,136,386,155
09:00:00,307,295,297,301,299,281,322,464,464,291,289,443,288,284,275,460,184,120,370,141
09:05:00,300,274,288,285,285,287,285,271,312,464,464,274,276,443,278,269,262,457,162,97,358,121
09:10:00,285,263,272,276,274,259,308,464,463,267,265,442,261,259,254,454,151,88,346,108
09:15:00,274,252,273,261,266,263,247,305,464,463,254,251,440,248,245,241,447,128,74,334,96
09:20:00,258,231,260,252,246,249,252,238,297,463,460,234,234,440,237,226,229,443,114,56,321,75
09:25:00,244,217,235,230,235,233,221,287,463,460,215,218,435,215,203,207,440,95,42,308,63
09:30:00,232,198,217,215,220,215,211,276,463,457,199,199,433,204,188,199,438,79,31,295,44
09:35:00,218,191,203,204,213,205,204,260,463,457,184,174,187,430,196,171,181,437,61,20,289,25
09:40:00,206,181,193,198,202,194,193,251,462,457,179,425,185,156,161,437,46,5,275,11
09:45:00,196,167,182,195,182,189,245,462,456,153,161,424,172,138,155,435,41,0,266
09:50:00,186,160,182,163,184,171,181,232,461,453,140,146,421,157,121,134,430,23,0,253
09:55:00,171,149,167,167,151,169,161,164,220,461,451,122,133,414,140,102,113,425,5,0,236
10:00:00,160,137,138,155,149,149,214,462,451,118,116,407,122,87,109,422,0,0,234
10:05:00,150,131,150,127,145,139,138,209,460,449,110,103,402,112,74,98,420,0,0,228
10:10:00,138,118,143,119,135,128,132,203,460,448,104,93,395,102,66,88,417,0,0,222
10:15:00,132,109,132,108,126,115,124,191,460,448,96,85,390,91,57,77,414,0,0,216
10:20:00,120,100,118,99,116,102,114,182,460,447,84,72,386,84,44,67,413,0,0,210
10:25:00,112,86,108,85,112,94,108,175,458,447,76,66,383,71,38,58,409,0,0,205
10:30:00,98,73,102,99,79,98,84,93,167,457,447,68,58,379,66,29,43,406,0,0,197
10:35:00,93,61,73,90,82,90,155,457,445,63,53,374,53,21,33,403,0,0,188
10:40:00,88,58,83,65,82,66,87,149,457,445,59,43,371,42,11,25,398,0,0,185
10:45:00,78,49,68,55,75,59,77,141,457,444,47,41,367,36,3,23,395,0,0,179
10:50:00,68,45,61,51,62,57,71,140,457,443,40,38,362,30,1,18,392,0,0,171
10:55:00,60,39,57,46,61,49,65,135,456,442,33,31,359,27,2,15,391,0,0,168
11:00:00,56,36,53,46,58,44,57,131,456,441,29,31,355,21,0,14,389,0,0,165
11:05:00,51,30,47,47,36,54,37,58,131,454,440,25,30,353,14,5,10,388,0,0,162
11:10:00,49,30,32,51,36,56,128,454,439,18,16,350,12,2,10,388,0,0,157
11:15:00,47,27,44,39,30,47,34,57,126,453,439,21,14,347,16,3,14,388,0,0,0,156
11:20:00,44,23,27,44,34,56,122,452,439,17,10,349,14,5,13,385,0,152
11:25:00,44,19,35,27,44,30,53,122,451,437,19,9,351,12,4,9,383,0,68,149
11:30:00,42,18,34,24,42,32,52,120,452,439,18,6,349,13,5,9,382,0,68,147
11:35:00,44,19,35,22,41,30,49,118,450,439,16,7,349,9,3,10,380,0,66,147
11:40:00,44,14,31,19,40,28,47,120,450,439,9,2,349,5,4,8,378,0,62,139
11:45:00,40,13,29,17,36,30,43,120,450,438,3,2,349,1,0,9,375,0,52,138
11:50:00,38,13,28,28,12,32,29,34,119,453,436,3,2,346,4,3,8,370,0,51,136
11:55:00,35,12,13,34,30,40,118,453,435,4,0,339,7,8,13,362,0,44,134
12:00:00,34,14,25,25,14,35,28,41,121,453,433,0,0,339,3,4,7,361,0,44,137
12:05:00,34,9,15,31,27,42,119,453,433,0,0,341,3,4,8,365,0,39,134
12:10:00,31,10,22,26,26,12,29,27,40,120,454,433,3,0,342,2,2,7,365,0,39,132
12:15:00,30,13,13,28,27,38,123,454,433,1,0,341,4,4,7,368,0,39,127
12:20:00,30,11,18,25,28,42,125,456,432,1,0,334,3,9,11,367,0,40,186,125
12:25:00,28,12,26,20,28,30,42,122,455,433,0,0,334,6,7,15,366,0,38,187,186,123
12:30:00,28,13,29,20,28,28,40,126,455,435,0,0,335,4,8,11,365,0,38,183,123
12:35:00,24,10,28,22,29,27,41,126,456,435,3,2,335,3,9,11,363,0,36,185,120
12:40:00,25,7,31,23,29,26,35,129,456,438,3,4,336,1,4,10,362,0,38,186,123
12:45:00,24,4,28,21,27,26,31,128,455,438,3,5,337,2,3,13,365,0,35,184,124
12:50:00,26,3,27,20,27,27,33,125,456,438,2,2,339,3,6,15,361,0,34,180,122
12:55:00,26,0,24,19,23,22,32,127,458,438,2,2,335,1,7,16,363,0,32,178,117
13:00:00,25,0,21,16,22,24,33,127,458,438,2,2,334,1,8,12,365,0,32,180,113
13:05:00,21,1,17,18,23,23,32,126,458,438,0,1,332,0,10,12,362,0,31,178,113
13:10:00,21,3,19,19,22,19,32,125,458,439,0,0,331,5,5,10,359,0,31,178,111
13:15:00,19,1,19,18,21,15,31,122,457,439,0,0,324,8,4,8,357,0,29,177,108
13:20:00,27,2,19,15,19,15,30,126,457,439,0,0,325,9,7,7,355,0,25,172,112
13:25:00,25,1,18,19,17,12,30,126,457,439,0,0,318,7,4,5,351,0,24,176,112
13:30:00,25,1,19,13,19,18,28,125,458,442,0,1,316,9,5,7,347,0,25,176,112
13:35:00,26,0,23,7,21,17,27,127,458,441,1,6,314,12,6,6,349,0,24,174,109
13:40:00,29,5,21,11,21,19,29,126,458,442,0,5,310,11,3,4,348,0,23,171,108
13:45:00,27,7,21,13,20,20,33,126,458,442,0,7,311,10,6,7,348,0,24,170,107
13:50:00,27,9,20,13,22,21,34,127,459,444,0,14,310,12,4,5,356,0,23,170,106
13:55:00,26,9,20,12,23,19,35,126,459,444,2,12,309,9,6,4,354,0,19,170,54
14:00:00,30,10,20,12,22,19,30,127,458,445,4,12,310,9,4,5,354,0,18,17,170,52
14:05:00,30,9,17,14,25,20,26,128,458,445,4,12,311,6,6,8,352,0,169,54
14:10:00,28,12,20,16,26,22,29,130,457,445,6,12,316,8,1,11,352,0,21,175,56
14:15:00,31,15,20,18,29,21,30,129,456,446,4,13,317,9,3,16,350,0,22,175,52
14:20:00,29,15,19,20,31,23,28,129,456,446,13,12,315,10,3,19,351,0,24,173,51
14:25:00,34,15,18,23,33,24,33,131,456,446,13,10,315,8,6,21,350,0,29,174,50
14:30:00,32,16,19,27,34,26,34,130,456,446,12,12,317,11,6,26,347,0,28,179,55
14:35:00,39,17,22,33,36,36,38,133,455,445,17,18,322,13,10,27,347,0,31,183,56
14:40:00,41,19,20,38,38,35,41,130,456,444,19,22,324,17,9,28,347,0,35,185,58
14:45:00,41,21,20,40,36,35,43,131,456,444,19,23,327,21,14,29,346,0,34,189,59,59
14:50:00,40,22,21,40,39,37,49,135,456,444,22,24,328,25,18,27,345,0,31,190,62,73
14:55:00,37,29,24,44,45,36,50,137,456,444,27,29,331,25,21,29,345,0,33,189,65,69
15:00:00,36,31,25,45,46,37,50,138,456,444,31,32,335,29,21,33,344,0,35,192,67,71
15:05:00,38,30,26,48,48,39,58,137,456,442,33,37,338,34,21,35,342,0,43,195,70,75
15:10:00,40,36,32,52,51,43,56,145,456,442,38,42,340,40,23,35,342,0,44,204,73,80
15:15:00,43,40,32,53,52,41,57,145,455,443,39,43,346,43,27,42,341,0,42,208,74,87
15:20:00,44,43,37,54,56,46,62,148,455,445,42,48,343,43,30,43,346,0,46,211,78,89
15:25:00,44,48,40,59,61,51,69,150,455,446,49,46,343,49,32,42,346,0,55,214,80,92
15:30:00,47,53,43,61,63,55,68,152,455,448,57,44,344,50,38,44,345,0,57,217,82,94
15:35:00,52,58,44,61,63,59,71,153,456,448,65,46,342,52,42,47,345,0,64,219,90,98
15:40:00,53,58,45,65,66,62,71,155,456,447,66,49,341,55,46,46,350,0,72,224,96,100
15:45:00,54,60,45,68,71,66,78,158,456,446,72,53,343,61,49,59,351,0,72,227,103,105
15:50:00,59,64,45,70,71,68,81,164,456,446,79,54,346,64,56,63,351,0,74,230,113,111
15:55:00,65,65,50,71,74,71,85,168,457,448,82,59,348,75,62,66,354,0,80,236,115,120
16:00:00,69,67,57,77,78,74,89,169,457,449,87,59,349,75,60,70,352,0,82,237,121,127
16:05:00,75,73,59,79,85,76,94,171,456,449,94,64,350,76,66,74,353,0,90,241,126,131
16:10:00,80,82,66,80,90,80,99,179,456,450,101,66,351,81,72,79,353,0,92,247,130,140
16:15:00,87,89,77,90,97,86,109,186,457,451,101,70,356,86,81,85,357,10,103,250,139,147
16:20:00,93,95,86,99,102,89,115,191,458,452,108,73,358,88,89,84,355,12,110,256,147,154
16:25:00,97,101,99,108,109,94,128,195,458,452,114,78,362,93,94,91,356,21,114,259,157,166
16:30:00,101,106,106,116,116,102,132,198,459,451,120,85,365,98,107,94,355,25,119,262,166,168
16:35:00,109,109,114,123,123,110,145,205,460,451,127,89,364,103,113,101,353,30,126,271,171,176
16:40:00,119,118,122,132,129,118,151,218,460,452,143,93,364,110,119,114,357,35,128,285,184,186
16:45:00,133,127,137,138,138,127,156,232,460,452,151,99,370,119,129,117,358,46,140,288,188,193
16:50:00,142,142,144,148,161,138,164,245,461,453,157,118,372,122,143,124,366,52,147,296,195,202
16:55:00,157,147,147,157,172,143,172,253,461,454,171,133,375,133,153,135,365,59,158,305,208,213
17:00:00,164,157,156,163,186,150,180,263,461,455,179,139,381,143,166,145,370,69,168,313,219,223
17:05:00,172,171,174,170,199,158,188,278,461,455,197,153,381,157,179,158,372,81,182,318,233,226
17:10:00,184,192,182,185,210,172,203,288,461,455,204,164,382,170,194,168,377,89,202,335,243,238
17:15:00,202,205,185,195,219,178,211,296,461,458,211,183,386,183,209,182,380,102,214,359,250,245
17:20:00,214,215,200,215,224,187,226,310,460,458,222,190,387,189,219,197,384,112,225,373,251,254
17:25:00,222,226,207,230,230,196,235,323,460,458,236,207,385,200,224,204,387,128,229,378,259,256
17:30:00,232,226,215,242,242,201,249,330,460,458,247,214,384,208,235,216,386,133,233,382,266,259
17:35:00,238,237,227,254,248,217,253,335,460,458,257,218,388,211,242,226,390,145,239,386,278,270
17:40:00,246,249,242,256,260,230,264,343,461,458,268,228,386,223,252,236,394,153,252,393,283,275
17:45:00,253,252,249,260,270,239,269,352,462,457,275,388,235,259,244,395,157,257,395,294,280
17:50:00,261,257,263,268,289,249,272,356,462,457,284,257,388,243,265,250,397,160,263,402,301,288
17:55:00,274,265,275,279,296,264,280,361,463,457,294,265,396,253,280,261,400,166,269,407,309,300
18:00:00,282,270,280,280,287,300,269,292,367,463,457,308,274,401,259,293,268,402,172,276,415,314,307
18:05:00,293,276,294,307,274,297,371,463,456,314,281,404,263,294,271,406,175,285,423,320,311
18:10:00,303,283,289,289,298,314,284,299,378,463,457,322,285,404,274,304,281,412,180,293,429,329,317
18:15:00,310,288,299,299,309,321,293,308,387,462,457,330,288,405,283,306,292,412,186,303,436,335,323
18:20:00,316,293,313,329,300,312,393,462,458,336,298,404,291,308,297,415,192,318,442,340,335
18:25:00,320,307,314,314,313,341,307,317,399,462,458,344,305,407,296,314,308,419,198,323,449,344,337
18:30:00,322,314,320,347,310,323,400,462,459,348,310,406,302,322,313,422,200,329,451,352,337
18:35:00,327,321,326,327,353,315,329,401,463,459,354,316,406,310,326,320,422,208,333,455,360,342
18:40:00,334,323,331,362,323,337,405,463,460,358,327,408,312,328,326,423,214,334,456,364,348
18:45:00,338,328,341,341,341,341,341,337,368,329,345,410,463,460,356,335,409,315,333,332,424,219,341,461,368,358
18:50:00,343,332,342,368,335,348,414,463,460,357,337,410,323,342,341,425,221,346,463,372,361
18:55:00,348,343,346,373,342,354,416,463,461,357,341,410,331,345,344,427,220,361,463,379,362
19:00:00,357,348,351,372,343,359,416,463,461,356,344,412,342,349,356,427,229,371,467,380,363
19:05:00,370,359,362,383,354,360,417,463,461,358,360,414,353,360,367,427,242,380,470,382,369
19:10:00,377,363,368,368,364,388,377,365,419,463,461,372,368,415,358,363,377,426,247,390,475,385,373
19:15:00,384,366,373,396,379,367,420,462,462,378,375,415,356,361,382,427,249,394,476,393,380
19:20:00,385,369,367,368,378,393,383,372,426,462,462,377,380,420,358,364,381,429,251,399,479,395,386
19:25:00,386,371,380,395,381,371,427,462,462,382,380,420,358,366,385,435,255,399,479,395,389
19:30:00,391,374,367,374,397,382,370,428,462,462,384,384,423,362,370,384,434,257,399,479,401,389
19:35:00,389,375,370,370,373,397,382,371,431,462,462,387,386,425,365,371,435,258,402,479,403,391
19:40:00,390,375,373,398,384,375,431,462,462,396,388,426,368,373,385,438,260,403,482,404,393
19:45:00,390,376,372,375,396,386,375,431,462,462,397,391,427,372,377,388,439,260,403,485,404,396
19:50:00,389,374,376,374,397,386,377,431,462,462,403,391,427,374,377,385,439,259,404,485,406,398
19:55:00,392,376,375,372,394,388,378,431,462,462,406,387,426,376,373,384,440,263,407,486,409
20:00:00,387,377,376,370,390,384,377,432,462,463,408,387,426,378,372,382,440,264,410,490,407,391
20:05:00,385,376,371,370,370,367,387,381,376,432,462,463,408,384,427,383,373,386,442,264,411,489,407,391
20:10:00,384,375,367,384,376,380,434,462,463,406,384,427,388,374,387,442,266,411,489,407,392
20:15:00,385,374,374,369,378,377,380,435,462,464,408,384,431,391,375,388,442,265,413,490,407,392
20:20:00,387,371,367,376,374,380,436,462,464,407,386,431,395,373,391,442,267,412,490,408,392
20:25:00,388,372,370,361,367,370,380,437,462,464,407,388,435,395,372,390,442,271,409,489,408,393
20:30:00,391,366,371,371,361,359,370,376,438,462,464,406,391,436,397,373,395,443,273,407,491,411,396
20:35:00,392,369,373,373,373,373,360,353,365,373,438,462,464,407,394,436,397,376,397,443,272,405,491,414,398
20:40:00,392,367,359,349,364,372,439,463,464,409,394,437,401,379,398,443,271,397,490,414,402
20:45:00,396,365,357,351,358,367,439,464,464,410,394,436,401,371,391,444,271,393,490,414,402
20:50:00,404,369,358,351,355,364,439,464,464,413,397,438,402,373,395,444,273,394,490,415,402
20:55:00,404,370,359,355,358,361,439,464,464,417,400,440,398,376,392,445,269,393,490,417,411
08:10:00,389,399,402,399,405,379,406,467,464,392,401,457,397,398,386,473,287,224,446,250
07:55:00,425
